0 126 126
1 150 50
2 970 50
3 970 628
4 900 640
5 44 164
6 44 727
7 855 727
8 345 290
9 526 228
10 660 285
11 671 477
12 362 482
13 487 545
14 560 50
15 970 339
16 355 50
17 765 50
18 970 195
19 970 484
20 44 200
21 44 250
22 44 317
23 44 366
24 44 420
25 44 485
26 44 554
27 44 618
28 150 727
29 224 727
30 280 727
31 350 727
32 404 727
33 500 727
34 584 727
35 650 727
36 764 727
connections
0 1
1 16
16 14
14 17
17 2
2 18
18 15
15 19
19 3
3 4
0 5
5 20
20 21
21 22
22 23
23 24
24 25
25 26
26 27
27 6
6 28
28 29
29 30
30 31
31 32
32 33
33 34
34 35
35 36
36 7
4 7
0 8
8 9
9 10
10 11
11 4
8 12
12 13
13 11
paths
0 1 16 14 17 2 18 15 19 3 4
0 5 20 21 22 23 24 25 26 27 6 28 29 30 31 32 33 34 35 36 7 4
0 8 9 10 11 4
0 8 12 13 11 4